[100,9,8,30]
[101,3,5,47]
[102,5,27,33]
[103,2,9,44]
[104,8,24,53]
[105,15,10,74]
[106,12,20,41]
[107,11,27,66]
[108,9,17,45]
[109,3,3,43]
[110,0,4,61]
[111,2,21,69]
[112,13,16,51]
[113,2,10,34]
[114,1,29,28]
[115,15,24,47]
[116,13,10,35]
[117,0,12,50]
[118,12,14,68]
[119,5,11,50]
[120,13,17,37]
[121,7,4,55]
[122,2,22,36]
[123,6,30,57]
[124,11,5,36]
[125,14,12,69]
[126,2,10,73]
[127,4,30,72]
[128,7,19,73]
[129,7,18,50]
[130,13,26,59]
[131,5,26,66]
[132,11,21,68]
[133,12,11,60]
[134,13,3,34]
[135,0,4,26]
[136,0,20,44]
[137,7,22,30]
[138,8,16,61]
[139,11,5,36]
[140,7,22,65]
[141,2,1,34]
[142,14,7,36]
[143,11,2,44]
[144,2,2,38]
[145,2,15,65]
[146,0,2,28]
[147,9,23,48]
[148,10,21,73]
[149,0,5,68]
[150,0,27,30]
[151,9,17,44]
[152,9,26,74]
[153,13,23,71]
[154,15,19,38]
[155,12,2,47]
[156,7,18,62]
[157,12,20,31]
[158,2,4,67]
[159,5,11,51]
[160,14,29,53]
[161,15,8,62]
[162,10,2,60]
[163,8,7,30]
[164,5,9,65]
[165,13,1,41]
[166,12,17,31]
[167,2,20,28]
[168,7,14,58]
[169,6,5,68]
[170,9,12,73]
[171,2,7,74]
[172,15,8,60]
[173,5,5,43]
[174,5,6,37]
[175,0,12,41]
[176,0,26,27]
[177,6,6,54]
[178,3,29,41]
[179,8,16,66]
[180,10,7,67]
[181,3,28,53]
[182,4,19,53]
[183,15,22,25]
[184,14,16,57]
[185,13,4,53]
[186,14,26,74]
[187,2,30,35]
[188,11,28,63]
[189,3,28,53]
[190,11,15,61]
[191,9,7,32]
[192,12,3,72]
[193,4,18,40]
[194,12,3,63]
[195,4,1,40]
[196,10,5,57]
[197,13,13,55]
[198,0,9,46]
[199,3,3,65]
[200,7,18,33]
[201,8,14,44]
[202,6,7,39]
[203,14,27,31]
[204,10,19,70]
[205,10,15,58]
[206,7,24,72]
[207,5,1,41]
[208,11,13,54]
[209,14,8,68]
[210,6,1,67]
[211,1,5,51]
[212,14,23,55]
[213,5,13,25]
[214,0,12,30]
[215,3,1,66]
[216,14,25,67]
[217,8,4,56]
[218,4,13,36]
[219,6,28,27]
[220,1,28,66]
[221,10,14,68]
[222,8,23,72]
[223,9,14,51]
[224,15,4,27]
[225,10,4,44]
[226,13,12,63]
[227,11,4,69]
[228,11,23,35]
[229,6,14,62]
[230,13,30,25]
[231,11,28,58]
[232,10,12,53]
[233,15,3,65]
[234,15,21,31]
[235,14,22,37]
[236,10,13,36]
[237,13,3,36]
[238,9,21,25]
[239,4,11,38]
[240,11,12,68]
[241,6,3,25]
[242,8,25,41]
[243,6,11,32]
[244,11,22,48]
[245,6,12,36]
[246,13,27,57]
[247,6,7,58]
[248,8,24,36]
[249,9,13,63]
[250,14,2,61]
[251,4,20,27]
[252,6,21,51]
[253,0,27,67]
[254,6,5,45]
[255,11,26,49]
[256,2,8,63]
[257,10,14,28]
[258,8,11,45]
[259,14,21,71]
[260,1,5,46]
[261,6,12,42]
[262,10,23,64]
[263,3,21,54]
[264,0,27,62]
[265,2,8,62]
[266,6,1,30]
[267,11,7,37]
[268,10,4,51]
[269,14,29,48]
[270,0,12,50]
[271,11,2,40]
[272,4,15,65]
[273,4,17,70]
[274,6,12,25]
[275,9,3,49]
[276,8,22,51]
[277,2,5,39]
[278,15,6,71]
[279,2,27,31]
[280,5,6,70]
